C_nonlin = [ 9.12845 9.20591 10.9647 14.895 17.1223 18.8982 20.3431 21.1987 21.5066 21.3885 20.9591 20.3139 19.5462 18.7368 17.9562 17.267 16.723 16.3662 16.223 16.3002 16.5812 17.0247 17.5631 18.1031 18.5233 18.6662 18.3223 17.198 15.4705 13.6589 11.7597 7.44783 7.00064 6.90779 6.86053 6.80136 6.93258 7.03214 7.02717 7.2118 7.34681 7.36905 7.47016 7.56128 7.60189 7.62377 7.65907 7.6986 7.71924 7.72499 7.70318 7.67207 7.64629 7.62547 7.54703 7.47599 7.45108 7.39668 7.34601 7.27927 7.19854 7.31142 7.39394 7.45873 7.48389 7.44556 7.41785 7.39788 7.41171 7.45555 7.52487 7.61486 7.28037 7.28184 7.62268 0.813643 0.2487 1.49695 1.40522 4.13596 3.85978 3.67442 4.62699 3.59218 5.3439 3.38316 3.18335 5.12514 2.95753 6.21892 2.87107 2.99981 3.41076 3.70365 7.30748 3.88331 7.37677 4.10577 8.0638 4.27245 8.44643 4.28818 8.55381 4.25513 8.41654 4.2023 8.15117 4.12564 7.75133 4.1476 7.28299 4.2595 6.79227 4.21551 6.31515 4.10335 5.88554 4.14687 5.53185 4.2088 5.27584 4.30728 5.13167 4.47021 5.10499 4.50393 5.19197 4.18409 5.37797 4.11946 5.6364 4.54965 5.92856 3.73951 6.20502 3.77462 6.4078 4.26751 6.47336 3.62102 6.38069 3.77017 5.82102 4.12898 5.33817 4.20794 5.90441 4.92719 7.16582 7.56671 3.54197 2.99349 2.59022 2.44588 4.06694 2.2357 1.92274 1.56394 1.17433 0.882203 1.0599 1.61284 2.05754 3.87838 2.42621 4.26959 2.81482 4.40011 3.2652 4.36737 3.39716 4.00059 3.44385 3.78565 3.54856 3.4012 3.52061 3.02825 3.46756 2.69408 3.76085 2.36673 3.46177 2.074 3.4676 1.83158 3.56942 1.64889 3.60454 1.53114 3.47027 1.47946 3.60588 1.49235 2.87411 1.56581 2.57222 1.69153 2.43724 1.85522 2.03667 2.36376 2.21225 1.98317 2.35912 2.454 2.11709 2.65066 2.33368 2.47739 2.83105 2.75946 4.83789 3.47428 2.78865 2.34392 2.17722 1.83746 1.37516 1.0366 0.491224 0.00225768 0.434204 0.930671 1.31027 1.65527 2.04406 3.19386 2.829 2.41485 2.76985 2.32639 2.89902 1.78757 3.21726 1.35595 2.76401 1.12763 0.28758 0.895994 2.56388 0.71159 2.74819 0.571922 2.9515 0.46327 3.15235 0.392513 2.47346 0.356341 2.01483 0.34633 0.363219 1.85016 0.407363 1.6961 0.476506 1.74486 0.563996 0.659138 1.11991 0.749455 1.28884 0.853756 1.0633 1.37283 1.54484 1.43678 2.25652 1.64546 0.951883 0.915328 0.474352 0.134799 0.348388 0.691701 0.891 0.944497 1.18141 1.5595 1.75191 0.715232 1.93305 0.455848 2.10898 0.321033 0.243495 0.179522 1.65168 0.149119 0.145638 1.59303 0.138047 1.63543 0.12639 0.130609 1.34551 0.157233 0.78431 0.193828 0.233366 0.259454 0.785674 0.28205 1.14132 0.33095 0.527996 2.01282 0.187039 0.0816384 0.626221 0.553915 0.587658 0.973676 1.36362 1.62082 1.92199 0.241222 0.108975 1.52902 0.179654 0.193007 1.75294 0.150628 1.35006 0.122766 0.131714 0.790566 0.180137 0.549207 0.234217 0.268872 0.300613 0.664381 0.397304 2.08912 1.49279 0.0802966 0.242162 0.308674 1.09534 1.28868 1.61932 1.29432 0.236523 0.213019 0.197113 0.270887 0.486883 0.367596 0.441164 0.473094 1.71749 1.30745 0.313149 0.828896 0.411496 0.600999 0.717453 0.783702 -0.917443 -1.16086 -1.10345 -1.51956 -1.6917 -1.84675 -1.98512 -2.07048 -2.10832 -2.11066 -2.08603 -2.04053 -1.98142 -1.91564 -1.84967 -1.7892 -1.73871 -1.70157 -1.68008 -1.67562 -1.68864 -1.71848 -1.76296 -1.81736 -1.87279 -1.91353 -1.91397 -1.83088 -1.67863 -1.52529 -1.39757 -0.0455485 0.296189 0.41185 0.470342 0.510354 0.485374 0.484655 0.501747 0.455193 0.437741 0.440313 0.423683 0.415436 0.416627 0.421072 0.422552 0.419462 0.414832 0.411597 0.413989 0.42042 0.424378 0.425452 0.430878 0.433023 0.434769 0.447124 0.458814 0.472189 0.485401 0.483878 0.480459 0.4774 0.474433 0.476009 0.478177 0.475547 0.461081 0.426379 0.359852 0.301323 0.346386 0.301288 0.0185957 0.603325 0.641873 0.569477 0.5974 0.655563 0.702914 0.728238 0.575768 0.736005 0.483121 0.748774 0.760922 0.444643 0.771162 0.0847259 0.773185 0.761829 0.733102 0.711374 -0.200035 0.694667 -0.207317 0.673748 -0.309705 0.65718 -0.372043 0.658642 -0.404934 0.665697 -0.413995 0.670618 -0.413185 0.674989 -0.397926 0.671868 -0.374285 0.660277 -0.345342 0.664174 -0.313795 0.677538 -0.28294 0.674977 -0.255528 0.665488 -0.233595 0.652196 -0.218543 0.634292 -0.211288 0.628113 -0.212389 0.660023 -0.221965 0.665281 -0.239371 0.630276 -0.262647 0.70904 -0.287741 0.70007 -0.307694 0.650004 -0.312306 0.70236 -0.294614 0.669471 -0.201662 0.592031 -0.0969309 0.500891 -0.13854 0.257847 -0.324184 -0.251295 0.594037 0.669606 0.717649 0.733362 0.529755 0.743424 0.760974 0.781167 0.805108 0.828221 0.819807 0.787445 0.759265 0.414351 0.732732 0.303831 0.702567 0.248624 0.665947 0.216185 0.658811 0.227371 0.655814 0.210055 0.646185 0.217375 0.649561 0.223339 0.657125 0.227923 0.634602 0.23828 0.656443 0.250678 0.656747 0.263022 0.644838 0.27389 0.638809 0.282307 0.651325 0.28787 0.64122 0.290235 0.706244 0.288926 0.73845 0.283667 0.769178 0.274857 0.264219 0.756851 0.255536 0.788513 0.254971 0.271034 0.741005 0.285507 0.682171 0.388942 0.58687 0.472875 0.299507 0.510595 0.577522 0.639403 0.645933 0.666498 0.693295 0.711405 0.750462 0.782992 0.766952 0.74397 0.728057 0.712922 0.692574 0.446188 0.635621 0.52365 0.64344 0.466501 0.637208 0.491924 0.614806 0.49741 0.662931 0.476164 0.611915 0.46961 0.699453 0.46573 0.663112 0.464067 0.636964 0.465509 0.617877 0.466832 0.681047 0.467651 0.738727 0.469118 0.470276 0.732647 0.47028 0.744177 0.468928 0.739776 0.466939 0.466775 0.77643 0.473936 0.741935 0.493144 0.518224 0.701959 0.515509 0.651826 0.54886 0.589167 0.636511 0.635421 0.657076 0.680947 0.686698 0.676998 0.685532 0.712407 0.734662 0.703612 0.709314 0.591253 0.686569 0.581739 0.665324 0.564887 0.550054 0.545969 0.714309 0.542301 0.535249 0.701971 0.533774 0.686384 0.536269 0.537682 0.703485 0.537087 0.758371 0.537179 0.539762 0.549959 0.71785 0.573721 0.66366 0.615278 0.680462 0.667684 0.588983 0.649477 0.630214 0.657679 0.694914 0.685532 0.669493 0.655906 0.625923 0.598908 0.596256 0.655275 0.572854 0.562576 0.618688 0.571112 0.640582 0.576207 0.574839 0.67811 0.570221 0.683277 0.568266 0.575441 0.595632 0.654725 0.626525 0.607181 0.665209 0.636883 0.643024 0.664836 0.61985 0.620883 0.602238 0.615038 0.600717 0.607253 0.609743 0.601114 0.635178 0.588446 0.587322 0.601108 0.601993 0.619856 0.576697 0.62444 0.632558 0.633371 0.599865 0.600629 ];