C_nonlin = [ 8.09454 8.28193 7.97201 7.63481 7.32399 7.03629 6.76804 6.51763 6.2844 6.06833 5.86988 5.68982 5.52927 5.38951 5.27198 5.1782 5.10981 5.06844 5.05576 5.07341 5.12306 5.20635 5.3249 5.48039 5.67451 5.9646 6.18578 6.50677 6.87424 7.29064 7.75907 8.28488 8.29012 8.2939 8.30146 8.31553 8.33465 8.34899 8.36111 8.37591 8.39271 8.39903 8.40928 8.42614 8.43292 8.43898 8.44605 8.45154 8.45353 8.45314 8.44982 8.44629 8.44227 8.43824 8.42475 8.40759 8.39818 8.39063 8.38196 8.37042 8.35428 8.37685 8.3936 8.40709 8.41195 8.40539 8.4022 8.3984 8.40014 8.40678 8.41019 8.40508 8.37493 8.37042 8.35194 6.22431 6.17378 6.19527 6.26781 7.97042 7.92738 7.89437 8.03373 7.88208 8.12775 7.85186 7.82565 8.05727 7.78685 8.04839 7.76187 7.7608 7.80926 7.85641 7.48833 7.8845 7.2117 7.91731 6.93741 7.94353 6.67924 7.96617 6.43779 7.98685 6.21278 7.99661 6.00484 7.99507 5.81446 8.0065 5.64276 8.02665 5.49104 8.02293 5.36067 8.01178 5.25319 8.01674 5.17023 8.01313 5.11344 8.01379 5.0845 8.02774 5.08509 8.01818 5.11686 7.98701 5.18144 7.98534 5.28047 8.04432 5.41557 7.94287 5.5884 7.93402 5.80064 7.9956 6.05407 7.89646 6.35061 7.86768 6.69929 7.87005 7.09132 7.83544 7.51288 7.8442 7.91815 7.74195 7.6776 7.58293 7.49535 7.45753 7.81717 7.40924 7.35442 7.29924 7.24732 7.19964 7.22159 7.31313 7.38812 7.46261 7.442 7.14737 7.49027 6.89839 7.54757 6.64891 7.57965 6.42565 7.58869 6.19873 7.61654 5.99715 7.62628 5.81306 7.62924 5.64824 7.70814 5.5036 7.62891 5.38081 7.63555 5.28159 7.65245 5.20764 7.65359 5.1607 7.65398 5.14249 7.71988 5.15466 7.63674 5.19886 7.62211 5.27671 7.65726 5.38979 5.5397 7.61207 5.72802 7.5842 5.95641 6.23186 7.50649 6.54184 7.47451 6.92046 7.51033 7.35136 7.76311 7.39158 7.18774 7.12699 7.05179 6.98517 6.88523 6.83574 6.78127 6.66284 6.80106 6.90009 6.98108 7.04933 7.11064 6.90118 7.23199 6.73467 7.18968 6.4603 7.22333 6.26417 7.31778 6.06764 7.26359 5.86917 6.13682 5.70841 7.30852 5.56828 7.27948 5.45085 7.29357 5.35766 7.3573 5.29053 7.29434 5.2515 7.33501 5.24208 5.26393 7.27979 5.31872 7.27437 5.40801 7.33237 5.53329 5.69604 7.23578 5.89774 7.20655 6.1499 6.44543 7.1387 6.74452 7.1073 6.74555 6.58988 6.438 6.49591 6.35421 6.35717 6.46728 6.53822 6.62748 6.6926 6.80934 6.8354 6.92515 6.16949 6.93701 5.99092 6.96788 5.83033 5.68263 5.56777 6.9771 5.48152 5.41575 6.98045 5.38282 6.98388 5.38018 5.40978 6.9558 5.47354 6.96836 5.57265 5.70844 5.88219 6.905 6.10825 6.90952 6.38208 6.7498 6.94547 5.84422 6.10134 6.28909 6.29135 6.36804 6.45013 6.53718 6.58647 6.64147 5.97975 5.74807 6.66442 5.63838 5.56959 6.74123 5.5505 6.69022 5.55592 5.58907 6.65437 5.66041 6.6245 5.76817 5.91312 6.10507 6.62436 6.34393 6.69416 6.59966 5.9581 6.02642 6.06113 6.22011 6.25122 6.33173 6.46941 5.77861 5.76098 5.7632 5.7997 6.35948 5.86921 5.98544 6.14512 6.42966 6.37192 5.7808 6.40692 5.97119 6.0192 6.01477 6.10456 0.124393 0.18064 0.167284 0.20772 0.246198 0.282716 0.317532 0.35073 0.382279 0.412076 0.439978 0.465803 0.489339 0.510354 0.528603 0.543834 0.555792 0.564225 0.568891 0.569553 0.565983 0.557961 0.545268 0.527688 0.505001 0.476975 0.443361 0.403893 0.358254 0.30608 0.246954 0.178958 0.175853 0.172081 0.166001 0.156803 0.145871 0.136741 0.128587 0.119696 0.11101 0.105353 0.0984429 0.0901577 0.0851298 0.0809491 0.07692 0.0739141 0.072665 0.0729689 0.0747539 0.0771237 0.0800248 0.0838369 0.0912605 0.100538 0.107729 0.113621 0.119416 0.125718 0.130334 0.122936 0.11399 0.106286 0.102213 0.102366 0.102774 0.103041 0.101424 0.0982132 0.0965905 0.0986297 0.107544 0.112611 0.119441 0.416986 0.406133 0.415009 0.405974 0.156047 0.162867 0.168394 0.147625 0.170915 0.137038 0.175792 0.180719 0.150256 0.18867 0.155928 0.19602 0.20096 0.198334 0.19176 0.224733 0.185334 0.259573 0.177343 0.294962 0.169909 0.328969 0.162396 0.361401 0.154866 0.392201 0.14972 0.421191 0.147189 0.448241 0.143539 0.473129 0.139268 0.495623 0.139389 0.515485 0.141488 0.532459 0.141941 0.546286 0.144535 0.556709 0.147072 0.563479 0.148274 0.566356 0.153904 0.565107 0.162853 0.559512 0.167551 0.549352 0.163915 0.534416 0.183649 0.514488 0.190895 0.48935 0.188108 0.458766 0.207607 0.42248 0.218471 0.379292 0.223909 0.330275 0.232467 0.277317 0.234008 0.226161 0.193553 0.195462 0.207665 0.219836 0.225915 0.178735 0.233378 0.241916 0.25096 0.260351 0.270013 0.270983 0.262001 0.252532 0.22578 0.243884 0.266568 0.234997 0.299394 0.224242 0.332797 0.216564 0.363241 0.21241 0.394655 0.205775 0.423069 0.202302 0.44948 0.20062 0.473598 0.187971 0.495251 0.200131 0.514159 0.199829 0.530049 0.198636 0.542655 0.200528 0.551716 0.203157 0.556984 0.196356 0.558227 0.212014 0.555221 0.218575 0.547749 0.219138 0.535603 0.518581 0.232439 0.496476 0.243621 0.469074 0.435455 0.261713 0.397255 0.272133 0.349848 0.271826 0.29545 0.188812 0.233562 0.260382 0.268972 0.279865 0.289938 0.304635 0.31292 0.322709 0.341498 0.326906 0.316142 0.306045 0.2962 0.286382 0.298825 0.267579 0.321591 0.271781 0.359241 0.265079 0.386809 0.249547 0.414734 0.256481 0.443273 0.414981 0.466954 0.248965 0.488049 0.253711 0.506236 0.252664 0.521266 0.24451 0.532862 0.256136 0.54074 0.253616 0.544682 0.544462 0.266201 0.53986 0.271606 0.530671 0.26829 0.516706 0.497778 0.287223 0.473698 0.297513 0.442952 0.406434 0.312817 0.369492 0.322555 0.321123 0.343 0.364878 0.359088 0.379917 0.384103 0.372139 0.364327 0.353177 0.344213 0.327082 0.321922 0.307662 0.402592 0.305121 0.428581 0.300545 0.452255 0.474342 0.492088 0.30186 0.506022 0.517251 0.304384 0.524096 0.307547 0.526884 0.525362 0.315839 0.519293 0.319563 0.508524 0.492889 0.472227 0.33455 0.444635 0.339246 0.410696 0.3647 0.304824 0.454463 0.42176 0.398155 0.3987 0.388602 0.377018 0.364277 0.356931 0.349032 0.434106 0.469504 0.350013 0.486218 0.49761 0.341438 0.502202 0.352123 0.503497 0.501218 0.361184 0.493786 0.370289 0.48153 0.464347 0.440942 0.375733 0.411123 0.341861 0.357262 0.442943 0.435169 0.431387 0.409496 0.405441 0.394364 0.381348 0.469981 0.473811 0.475257 0.472135 0.404372 0.464762 0.451055 0.431478 0.380907 0.392797 0.468229 0.393678 0.444982 0.439512 0.442095 0.431486 ]';