C_nonlin = [ 6.01196 6.11935 2.22467 0.65816 0.259142 0.187936 0.159127 0.125184 0.0918017 0.0709979 0.0686812 0.078885 0.0856959 0.0838905 0.0835139 0.0897988 0.0936792 0.0844855 0.0884096 0.136357 0.138785 0.0891141 0.0883246 0.0904846 0.0847497 0.0848324 0.0862782 0.0659101 0.0459676 0.285009 1.88389 6.2071 6.22569 6.23278 6.23887 6.22965 6.33685 6.42984 6.44298 6.54582 6.7577 6.75273 6.81503 7.00495 7.0858 7.14335 7.2225 7.29917 7.32826 7.32982 7.28491 7.24181 7.19996 7.15835 7.00998 6.8744 6.84627 6.82558 6.81416 6.77146 6.7241 6.94664 7.05897 7.12702 7.13034 7.03503 6.96759 6.91657 6.90843 6.93076 6.93322 6.91484 6.37505 6.38617 6.35496 0.17553 0.168394 0.199492 0.180689 1.61816 1.47489 1.36556 2.01424 1.36354 2.95017 1.23421 1.19398 2.37743 1.15956 2.43969 1.23801 1.40446 1.67535 1.73745 0.184817 1.66411 0.0978106 1.6189 0.0841354 1.52295 0.0716812 1.37857 0.0666237 1.21942 0.0644017 1.0492 0.0628123 0.865479 0.058872 0.833117 0.0557871 0.912317 0.0552672 0.832803 0.0550946 0.748664 0.0519432 0.870909 0.0464419 0.96915 0.041848 1.12421 0.0350156 1.44776 0.0197345 1.59943 0.00917256 1.55773 0.0209996 1.73365 0.0356208 2.50122 0.0408039 1.7752 0.0434635 1.92079 0.0436405 2.69133 0.0396633 2.0694 0.0438586 2.19513 0.0689035 2.45329 0.161801 2.30795 0.864157 2.37915 2.99092 0.732866 0.32933 0.213498 0.162828 0.171915 0.730444 0.159366 0.13687 0.126727 0.125891 0.119607 0.154906 0.239536 0.263909 0.129033 0.242663 0.116678 0.230922 0.109918 0.233542 0.10711 0.188077 0.111436 0.139479 0.119701 0.13298 0.125114 0.109264 0.128656 0.0889428 0.130538 0.168815 0.130141 0.0862883 0.129414 0.0963082 0.128595 0.11861 0.127246 0.14348 0.125064 0.172852 0.122873 0.358343 0.121664 0.233637 0.121103 0.276273 0.12105 0.406045 0.121517 0.121305 0.499944 0.119344 0.523942 0.114457 0.110381 0.564935 0.113525 0.623946 0.147148 0.855032 0.42203 0.614571 0.162356 0.124391 0.136153 0.148478 0.153457 0.154416 0.158738 0.154517 0.13854 0.144203 0.150593 0.15364 0.153954 0.152143 0.142296 0.176835 0.131205 0.161238 0.145211 0.15932 0.151534 0.170681 0.155564 0.151287 0.158615 0.190457 0.159724 0.129395 0.159504 0.150253 0.159125 0.159384 0.157753 0.170789 0.156315 0.148247 0.155249 0.128151 0.154413 0.154078 0.14735 0.154125 0.150546 0.154411 0.1941 0.154757 0.154787 0.156302 0.152496 0.18935 0.148913 0.146844 0.205175 0.15687 0.197337 0.167567 0.157119 0.148098 0.178709 0.167153 0.167964 0.167026 0.171392 0.167848 0.158474 0.140983 0.151757 0.137224 0.163296 0.147194 0.166742 0.153659 0.169631 0.170009 0.169094 0.135084 0.168903 0.168406 0.149642 0.167949 0.16048 0.167139 0.166856 0.157104 0.16703 0.142016 0.166765 0.166531 0.164827 0.157526 0.161226 0.178092 0.152267 0.136052 0.153468 0.17744 0.163384 0.190017 0.17672 0.167184 0.170722 0.171006 0.168765 0.175237 0.176921 0.172888 0.165806 0.17813 0.177753 0.185466 0.175173 0.170339 0.174031 0.173607 0.160724 0.17405 0.15855 0.173895 0.172172 0.168419 0.161614 0.163207 0.187442 0.156647 0.165836 0.174727 0.166877 0.195738 0.183125 0.183394 0.173397 0.18207 0.17976 0.17662 0.176329 0.166904 0.177128 0.176353 0.173497 0.180103 0.172431 0.193732 0.171798 0.177403 0.167648 0.178365 0.175703 2.34507 2.60207 3.14751 3.66304 4.11717 4.51162 4.85137 5.14834 5.40107 5.6047 5.75591 5.86301 5.94463 5.9847 5.91595 5.65003 5.05848 3.90577 1.90905 -0.208769 0.148651 2.47787 4.17212 5.04035 5.40721 5.4645 5.33237 5.11299 4.7804 4.28125 3.57452 3.0074 3.16858 3.23916 3.2432 3.17662 3.03474 2.90858 2.80071 2.6446 2.47392 2.38226 2.25209 2.07843 1.97323 1.88693 1.80041 1.73201 1.70168 1.70541 1.7433 1.79298 1.85119 1.92584 2.0746 2.24773 2.36486 2.45266 2.53253 2.62164 2.67652 2.51333 2.34273 2.20763 2.14521 2.16757 2.19438 2.21379 2.19392 2.13962 2.10636 2.13867 2.36448 2.43788 2.4561 7.22584 6.87295 7.25718 7.16947 3.45247 3.56437 3.64986 3.29514 3.67767 3.06758 3.75034 3.81897 3.30431 3.93905 3.27685 4.05216 4.13571 4.10891 4.03676 4.27239 3.96888 4.73335 3.86993 5.14931 3.77622 5.52744 3.67817 5.85715 3.57156 6.1391 3.49824 6.36992 3.46748 6.55622 3.40726 6.69862 3.32883 6.7922 3.33893 6.8172 3.38657 6.73971 3.39249 6.51636 3.43744 6.09404 3.47728 5.43745 3.48211 4.69641 3.57354 4.37961 3.7298 4.78772 3.79178 5.5084 3.67094 6.04078 4.03371 6.31266 4.11139 6.37204 3.97795 6.26508 4.27672 6.02026 4.34898 5.66356 4.30178 5.17723 4.29004 4.50847 4.11496 3.68967 3.81431 4.1077 4.29875 4.4819 4.56614 3.8354 4.67048 4.79265 4.92401 5.06576 5.22026 5.25441 5.14826 5.04363 4.48288 4.95054 4.99775 4.84555 5.40174 4.70353 5.78433 4.60744 6.11855 4.56077 6.41746 4.46644 6.67016 4.42151 6.87834 4.40421 7.03742 4.19271 7.14665 4.40597 7.19539 4.40406 7.17301 4.3831 7.07332 4.41303 6.9043 4.45525 6.70757 4.33316 6.56792 4.59345 6.56195 4.6855 6.67582 4.67656 6.81551 6.89618 4.8326 6.88032 4.94676 6.7577 6.52389 5.10246 6.17017 5.12296 5.71497 4.97278 5.10582 3.91529 4.62506 5.00891 5.14219 5.29099 5.43101 5.63428 5.75388 5.9054 6.18423 6.02265 5.91152 5.81306 5.71523 5.61032 5.46647 5.35533 5.77261 5.44362 6.17981 5.36538 6.48316 5.14352 6.76436 5.27132 7.00884 7.02487 7.19679 5.17892 7.33906 5.24745 7.432 5.22635 7.4775 5.09594 7.47987 5.27853 7.45086 5.24144 7.41387 7.38972 5.40173 7.38382 5.45636 7.38002 5.37369 7.35021 7.26857 5.59725 7.11755 5.64741 6.87848 6.53592 5.7217 6.11222 5.66633 5.78552 6.06531 6.34495 6.30014 6.56613 6.68982 6.59331 6.53724 6.44234 6.37804 6.20749 6.1656 6.0021 6.73426 5.98028 7.00334 5.92065 7.2276 7.4119 7.55016 5.94747 7.64949 7.70715 5.96085 7.73833 5.97784 7.75024 7.74182 6.05925 7.70839 6.07162 7.64267 7.5333 7.36896 6.16608 7.12882 6.11102 6.79614 6.28994 5.98223 7.36994 7.15859 6.94021 6.99813 6.9405 6.83724 6.70783 6.63357 6.53977 7.15906 7.53759 6.54474 7.67585 7.76469 6.40829 7.82257 6.51553 7.84592 7.8276 6.58864 7.76518 6.62108 7.65643 7.49679 7.26921 6.55766 6.96107 6.44805 6.65045 7.40723 7.39079 7.40924 7.19273 7.1684 7.05504 6.87 7.68013 7.73958 7.76198 7.72969 7.00896 7.64493 7.50175 7.29741 6.9078 7.02205 7.61291 6.96398 7.54285 7.50935 7.50817 7.393 ]';