C_nonlin = [ 6.08502 6.35275 2.2454 0.573559 0.198373 0.157029 0.161652 0.172159 0.182325 0.191143 0.198668 0.20516 0.210805 0.215699 0.219872 0.223316 0.225999 0.227875 0.228884 0.228952 0.227984 0.225856 0.222392 0.217342 0.210391 0.20135 0.191185 0.187437 0.235421 0.626793 2.34496 6.33755 6.32879 6.3173 6.31368 6.30275 6.39423 6.48113 6.49911 6.58779 6.79747 6.79407 6.85211 7.04314 7.1234 7.18149 7.26158 7.33869 7.36722 7.36793 7.32264 7.28075 7.23954 7.19831 7.05024 6.91425 6.88719 6.87007 6.86039 6.8191 6.77012 6.99316 7.10521 7.17418 7.17728 7.08117 7.01488 6.96365 6.95459 6.97643 6.97362 6.94265 6.42392 6.44879 6.41849 0.191692 0.186424 0.193328 0.190672 1.71088 1.56659 1.45526 2.10477 1.45018 3.03791 1.31743 1.27831 2.49723 1.24485 2.59983 1.32719 1.49784 1.77133 1.83297 0.235012 1.75292 0.145529 1.69783 0.151109 1.58976 0.163678 1.43733 0.175247 1.26955 0.185181 1.08868 0.193556 0.894169 0.2007 0.855009 0.206873 0.928899 0.212231 0.84679 0.216846 0.766337 0.220731 0.895095 0.223865 0.999624 0.226212 1.16177 0.227718 1.4922 0.228317 1.64421 0.22793 1.61782 0.226449 1.80209 0.223727 2.57104 0.21955 1.86945 0.213602 2.02103 0.205459 2.79368 0.194743 2.20397 0.182203 2.34152 0.178938 2.60949 0.300004 2.50145 1.14279 2.63341 3.29849 0.806197 0.345101 0.222353 0.168164 0.1747 0.788373 0.158048 0.133206 0.123153 0.125362 0.125131 0.165109 0.255975 0.278806 0.15524 0.250619 0.140648 0.231901 0.152136 0.225086 0.164584 0.177099 0.175392 0.124301 0.185484 0.11191 0.193727 0.0863081 0.200766 0.0657062 0.206801 0.131567 0.212019 0.0608224 0.216468 0.0747402 0.220153 0.0959386 0.22305 0.119981 0.225117 0.151595 0.226298 0.331672 0.226524 0.227317 0.225705 0.28292 0.223722 0.444533 0.220401 0.215486 0.534054 0.208608 0.596496 0.199339 0.187373 0.637658 0.176487 0.713957 0.202734 0.970192 0.566964 0.700349 0.148494 0.132335 0.135097 0.1401 0.14528 0.150471 0.152912 0.155962 0.158541 0.146059 0.147515 0.148876 0.145378 0.141597 0.150436 0.146251 0.15939 0.143743 0.173192 0.142037 0.182246 0.137583 0.190767 0.143346 0.198688 0.188819 0.204847 0.13757 0.210109 0.143107 0.214519 0.141771 0.218105 0.136204 0.220847 0.138107 0.222693 0.132737 0.223597 0.223486 0.139959 0.22226 0.143187 0.219783 0.179019 0.215849 0.210156 0.163823 0.202296 0.200057 0.191493 0.178931 0.226697 0.175322 0.245806 0.157854 0.165821 0.173258 0.170079 0.17753 0.178352 0.173306 0.171198 0.168638 0.166948 0.162029 0.162166 0.157707 0.186073 0.157451 0.193904 0.155878 0.200594 0.206473 0.211017 0.15577 0.214531 0.217306 0.155905 0.218985 0.155786 0.21966 0.219245 0.156316 0.217622 0.156407 0.214638 0.210052 0.2035 0.160459 0.193974 0.167922 0.181256 0.165638 0.15728 0.20097 0.191323 0.183899 0.185129 0.183346 0.180965 0.178159 0.176645 0.174412 0.195062 0.205263 0.173115 0.209805 0.212772 0.16859 0.214042 0.170286 0.21443 0.21382 0.171226 0.211785 0.17164 0.208249 0.20293 0.195073 0.171792 0.184326 0.171801 0.176739 0.198235 0.196749 0.196637 0.191163 0.190639 0.187935 0.181426 0.206222 0.207506 0.207987 0.207145 0.184598 0.204938 0.200709 0.194236 0.184102 0.186218 0.205383 0.183444 0.20063 0.19955 0.199939 0.19666 3.29956 4.33472 4.42334 5.31662 6.08095 6.78286 7.438 8.05141 8.62567 9.16166 9.6589 10.1159 10.5303 10.8989 11.2185 11.4853 11.6954 11.8447 11.9292 11.9447 11.8869 11.7514 11.5335 11.2281 10.8293 10.3304 9.72339 8.999 8.1456 7.14063 5.90051 4.25451 4.20081 4.13828 4.03023 3.85688 3.62745 3.43154 3.26321 3.06034 2.84366 2.71876 2.5553 2.34313 2.21371 2.10695 2.00154 1.91989 1.88458 1.89024 1.93597 1.99578 2.06727 2.16017 2.34361 2.56205 2.71672 2.83592 2.94865 3.07429 3.15903 2.96604 2.75522 2.58407 2.50348 2.52891 2.56041 2.58593 2.56521 2.50561 2.48168 2.54293 2.81993 2.95432 3.11161 9.3077 9.00604 9.2668 9.10904 4.09505 4.22547 4.32704 3.91691 4.35897 3.65902 4.44934 4.53642 4.00993 4.69061 4.14786 4.83445 4.93557 4.88766 4.77191 5.65744 4.66229 6.33461 4.51631 7.00892 4.38047 7.64479 4.23952 8.2412 4.09125 8.80011 3.98953 9.3205 3.94355 9.80217 3.86505 10.2426 3.76773 10.6389 3.77724 10.9879 3.8325 11.286 3.84184 11.5291 3.90148 11.7133 3.95694 11.8345 3.97311 11.8885 4.09553 11.8712 4.29498 11.7783 4.38784 11.6053 4.26689 11.3473 4.72806 10.9991 4.86564 10.5544 4.75233 10.006 5.18159 9.3455 5.37729 8.54604 5.45117 7.6195 5.61307 6.56099 5.62429 5.42105 5.01802 5.01358 5.24088 5.46813 5.56822 4.67647 5.70101 5.85749 6.02517 6.20247 6.39146 6.41493 6.24867 6.07987 5.6606 5.92851 6.45213 5.76824 7.07772 5.56633 7.70161 5.42392 8.26209 5.34994 8.83347 5.21986 9.34518 5.15386 9.81727 5.1242 10.2458 4.85663 10.6293 5.1224 10.9635 5.12021 11.2444 5.09759 11.468 5.14003 11.63 5.19702 11.7262 5.0509 11.7527 5.38374 11.7053 5.51778 11.5797 5.52636 11.3714 11.0755 5.78624 10.6864 5.99986 10.198 9.59004 6.3385 8.88753 6.52163 8.00126 6.48633 6.95245 4.91524 5.78755 6.30404 6.44765 6.64284 6.82293 7.09634 7.24565 7.426 7.7863 7.51102 7.3171 7.13984 6.9677 6.79423 7.04728 6.43832 7.46935 6.53516 8.17061 6.41437 8.67439 6.11274 9.18213 6.26067 9.69708 9.17485 10.1218 6.11991 10.499 6.22003 10.8237 6.20163 11.0924 6.03848 11.3008 6.27361 11.4442 6.22478 11.5188 11.5208 6.47344 11.4459 6.57882 11.29 6.50876 11.0486 10.717 6.87242 10.2896 7.05718 9.73662 9.06918 7.33249 8.38069 7.49861 7.44061 7.84741 8.2506 8.12862 8.51711 8.59635 8.3794 8.24483 8.05 7.89795 7.59427 7.5135 7.25566 8.94772 7.21866 9.42258 7.13759 9.85334 10.2535 10.5748 7.17139 10.8281 11.0331 7.2194 11.1606 7.27935 11.2167 11.1967 7.43477 11.0962 7.49962 10.9116 10.6389 10.2734 7.77037 9.77902 7.84454 9.16132 8.30822 7.22548 9.89785 9.3091 8.88412 8.90853 8.73978 8.54139 8.31931 8.19388 8.05497 9.52315 10.1767 8.08471 10.4838 10.6946 7.92272 10.785 8.12062 10.8163 10.7836 8.28422 10.6584 8.44348 10.4458 10.1428 9.72407 8.5296 9.18299 7.92553 8.21876 9.70789 9.58269 9.53114 9.14487 9.08169 8.8889 8.66239 10.2137 10.2927 10.3279 10.2802 9.0717 10.1543 9.91309 9.56308 8.64923 8.87207 10.171 8.88415 9.78704 9.70096 9.75324 9.5675 ];