<<<<<<< Updated upstream
C_0 = [ -16.2026 -21.8257 -52.8098 -86.5343 -117.606 -146.387 -173.216 -198.257 -221.579 -243.184 -263.028 -281.032 -297.087 -311.064 -322.819 -332.199 -339.043 -343.184 -344.457 -342.694 -337.73 -329.401 -317.545 -301.994 -282.58 -259.127 -231.449 -199.348 -162.599 -120.957 -74.1122 -21.5304 -21.0066 -20.6275 -19.8719 -18.4652 -16.5528 -15.1191 -13.9063 -12.426 -10.7455 -10.1173 -9.08876 -7.40408 -6.72602 -6.11943 -5.41013 -4.86635 -4.66457 -4.70503 -5.03307 -5.38949 -5.7911 -6.19352 -7.54678 -9.25203 -10.2015 -10.955 -11.8218 -12.9781 -14.5885 -12.3333 -10.6619 -9.30486 -8.81702 -9.48476 -9.80095 -10.1744 -10.0019 -9.33478 -9.00054 -9.50644 -12.5253 -12.9825 -14.8166 -227.583 -232.785 -230.477 -223.227 -57.2586 -53.0891 -60.5595 -46.5362 -61.827 -37.2299 -64.1801 -67.8083 -44.4774 -70.3015 -45.3238 -73.8869 -74.0274 -69.1304 -64.3769 -101.293 -61.5692 -128.824 -58.2904 -156.282 -55.7368 -182.099 -53.2525 -206.244 -51.3265 -228.738 -50.354 -249.531 -50.5221 -268.569 -49.4689 -285.738 -47.2683 -300.91 -47.7164 -313.947 -48.8318 -324.697 -47.6623 -332.998 -48.6173 -338.682 -48.6266 -341.581 -47.2438 -341.526 -48.1891 -338.352 -50.9371 -331.893 -51.478 -321.989 -45.5839 -308.477 -55.7302 -291.192 -56.6164 -269.966 -50.4579 -244.62 -60.3719 -214.964 -63.25 -180.095 -63.0131 -140.89 -66.4748 -98.7326 -65.5991 -58.2042 -75.8213 -91.7186 -101.301 -82.6057 -105.327 -68.1961 -109.237 -113.621 -119.937 -125.414 -130.349 -127.853 -118.674 -111.21 -104.282 -105.821 -135.504 -101.275 -160.938 -95.2592 -185.612 -92.0557 -207.777 -91.1483 -230.147 -88.3628 -250.301 -87.3878 -268.704 -87.0911 -285.191 -79.204 -299.65 -87.1279 -311.93 -86.4648 -321.856 -84.771 -329.259 -84.6568 -333.961 -84.6187 -335.789 -78.0287 -334.575 -86.2951 -330.156 -88.3241 -322.369 -84.2918 -311.057 -296.064 -88.8121 -277.229 -91.5969 -254.387 -226.839 -99.3686 -195.839 -102.568 -157.976 -98.9866 -114.884 -74.5201 -132.422 -111.44 -138.883 -145.341 -151.175 -161.061 -166.491 -172.28 -184.01 -169.777 -159.671 -151.925 -146.337 -138.963 -161.037 -126.813 -177.657 -131.048 -204.21 -127.684 -223.588 -118.239 -243.197 -123.657 -262.541 -235.349 -279.152 -119.164 -293.168 -122.068 -304.918 -120.658 -314.244 -114.286 -320.975 -120.581 -324.893 -116.513 -325.843 -323.658 -122.097 -318.174 -122.45 -309.24 -116.784 -296.706 -280.427 -126.439 -260.254 -129.363 -235.036 -205.48 -136.15 -175.571 -139.29 -175.972 -191.018 -206.123 -200.915 -215.339 -214.239 -202.89 -195.181 -187.318 -182.727 -169.057 -166.474 -157.5 -233.462 -156.314 -251.13 -153.226 -266.977 -281.72 -293.225 -152.304 -301.6 -308.458 -151.968 -311.802 -151.711 -312.06 -309.081 -154.29 -302.691 -153.22 -292.772 -279.187 -261.808 -159.517 -239.201 -159.068 -211.814 -175.041 -155.467 -264.143 -237.327 -221.535 -225.736 -213.265 -204.717 -196.277 -191.362 -185.864 -251.889 -274.873 -183.572 -284.721 -291.205 -175.896 -294.551 -180.992 -294.422 -291.127 -184.642 -283.988 -187.597 -273.208 -258.711 -239.518 -187.588 -215.638 -180.596 -190.046 -253.954 -244.779 -243.102 -227.983 -224.877 -216.832 -203.085 -263.4 -270.871 -273.885 -273.703 -270.044 -214.102 -263.095 -251.469 -235.492 -207.042 -212.819 -209.344 -252.854 -248.075 -248.529 -239.555 10.8058 16.4296 15.0935 19.1372 22.9837 26.6365 30.1185 33.4383 36.5929 39.5724 42.3625 44.945 47.2986 49.4001 51.2253 52.7488 53.9451 54.7891 55.2563 55.3228 54.9659 54.1636 52.8941 51.1359 48.8669 46.0639 42.7024 38.7554 34.1913 28.9738 23.061 16.2613 15.9508 15.5736 14.9655 14.0456 12.9525 12.0395 11.2241 10.3348 9.46598 8.90127 8.20928 7.38106 6.87826 6.46004 6.05683 5.7573 5.63207 5.66254 5.84011 6.07766 6.36785 6.74907 7.4915 8.41909 9.13837 9.72762 10.3071 10.9375 11.3991 10.6591 9.76551 8.99294 8.58547 8.6035 8.64377 8.66846 8.50677 8.18532 8.02419 8.22764 9.12022 9.62775 10.3085 40.0637 38.9978 39.865 38.9619 14.6493 13.9842 15.202 13.1131 15.4591 12.0677 15.8572 16.4853 13.4123 17.0827 13.9727 17.9731 18.4679 18.2045 17.5416 20.8517 16.899 24.3202 16.1 27.8618 15.3662 31.2623 14.5689 34.5054 13.8518 37.5847 13.3373 40.4838 13.0862 43.1888 12.7345 45.6775 12.2805 47.9269 12.3034 49.9131 12.5133 51.6109 12.4588 52.9942 12.8065 54.0373 13.0709 54.715 13.1926 55.0031 13.7538 54.8785 14.5917 54.3189 15.1196 53.3027 14.7565 51.8088 16.7302 49.8157 17.4549 47.3016 17.1762 44.243 19.1261 40.6141 20.2125 36.2951 20.7564 31.3933 21.6123 26.0974 21.7664 20.9818 17.7208 19.1311 20.4554 17.9596 21.0915 16.2256 21.7211 22.4268 23.4351 24.4179 25.4056 25.4638 24.5615 23.619 21.0121 22.754 25.0533 21.9054 28.4068 20.7896 31.7097 20.0215 34.7327 19.6062 37.8309 18.9428 40.6718 18.5954 43.3121 18.427 45.7247 17.1624 47.8893 18.3785 49.7802 18.3485 51.3697 18.2287 52.6313 18.4179 53.5385 18.6809 54.0662 18.0008 54.1909 19.5576 53.8902 20.293 53.1427 20.2791 51.9278 50.2251 21.6094 48.0143 22.7275 45.2738 41.9117 24.5367 38.0914 25.5788 33.3506 25.5482 27.9107 17.3399 24.5616 21.7993 25.4696 26.418 27.3143 28.7694 29.665 30.6872 32.5519 31.0389 29.9347 28.9717 28.1557 27.0047 28.3998 25.1223 30.6723 25.5429 34.3185 24.8732 37.0433 23.3199 39.8278 24.0132 42.613 39.7349 45.0577 23.2617 47.1677 23.7362 48.9871 23.6314 50.4909 22.816 51.6529 23.9787 52.4424 23.7266 52.8375 52.8153 24.994 52.3544 25.5179 51.4348 25.1948 50.0378 48.1445 27.0875 45.7362 28.1166 42.6613 39.0093 29.6472 35.315 30.6212 30.5448 32.6643 34.8386 34.3346 36.4516 36.7678 35.5234 34.6622 33.6877 33.0556 31.0699 30.5581 29.131 38.6676 28.877 41.2501 28.4194 43.5905 45.7957 47.5722 28.5509 48.9306 50.0927 28.8032 50.7826 29.1369 51.0603 50.9058 29.9296 50.2973 30.3272 49.2195 47.6555 45.589 31.8203 42.8297 32.2902 39.4354 34.8357 28.8473 43.621 40.1922 38.2292 38.8882 37.2318 36.0262 34.7902 34.0575 33.2678 41.7584 45.2614 33.3663 46.7854 47.8616 32.5094 48.5193 33.5773 48.7111 48.4886 34.4924 47.745 35.3978 46.5191 44.8006 42.4606 35.9395 39.4793 32.5508 34.0909 42.591 41.5491 41.3969 39.3129 38.9077 37.8005 36.5017 44.0065 45.1786 45.7395 45.8914 45.5785 38.8067 44.8414 43.4705 41.5124 36.4551 37.6445 37.7356 42.8595 42.3146 42.5739 41.5134 ]';
=======
