

C_nonlin = [ 6.08502 6.35274 2.24539 0.573554 0.198371 0.157028 0.161651 0.172158 0.182324 0.191142 0.198667 0.205159 0.210805 0.215698 0.219871 0.223315 0.225998 0.227874 0.228883 0.228951 0.227983 0.225855 0.222391 0.217341 0.21039 0.201349 0.191184 0.187435 0.235417 0.626785 2.34494 6.33754 6.32879 6.3173 6.31368 6.30275 6.39423 6.48113 6.49911 6.58779 6.79747 6.79407 6.85211 7.04314 7.1234 7.18149 7.26158 7.33869 7.36722 7.36793 7.32264 7.28075 7.23954 7.19831 7.05024 6.91425 6.88719 6.87007 6.86039 6.8191 6.77012 6.99316 7.10521 7.17418 7.17728 7.08117 7.01488 6.96365 6.95459 6.97643 6.97362 6.94265 6.42392 6.44879 6.41849 0.191691 0.186423 0.193327 0.190671 1.71088 1.56659 1.45525 2.10477 1.45018 3.03791 1.31743 1.27831 2.49723 1.24485 2.59982 1.32719 1.49784 1.77133 1.83296 0.23501 1.75292 0.145528 1.69783 0.151108 1.58975 0.163677 1.43733 0.175247 1.26954 0.18518 1.08868 0.193555 0.894167 0.200699 0.855007 0.206872 0.928897 0.212231 0.846789 0.216845 0.766335 0.22073 0.895093 0.223865 0.999622 0.226211 1.16176 0.227717 1.4922 0.228317 1.64421 0.227929 1.61782 0.226448 1.80209 0.223726 2.57104 0.219549 1.86945 0.213601 2.02102 0.205458 2.79367 0.194742 2.20397 0.182202 2.34152 0.178936 2.60949 0.3 2.50145 1.14278 2.6334 3.29848 0.806193 0.345099 0.222352 0.168163 0.174699 0.788371 0.158048 0.133205 0.123152 0.125362 0.125131 0.165108 0.255974 0.278805 0.155239 0.250618 0.140647 0.2319 0.152135 0.225085 0.164583 0.177098 0.175391 0.1243 0.185483 0.111909 0.193727 0.0863075 0.200765 0.0657058 0.2068 0.131566 0.212018 0.0608219 0.216467 0.0747397 0.220152 0.095938 0.223049 0.119981 0.225116 0.151594 0.226297 0.331671 0.226523 0.227316 0.225705 0.282919 0.223721 0.444532 0.2204 0.215485 0.534052 0.208608 0.596495 0.199338 0.187372 0.637656 0.176485 0.713955 0.202732 0.970189 0.566961 0.700346 0.148493 0.132334 0.135097 0.1401 0.145279 0.15047 0.152911 0.155962 0.158541 0.146059 0.147514 0.148876 0.145378 0.141597 0.150435 0.146251 0.159389 0.143742 0.173192 0.142037 0.182245 0.137582 0.190766 0.143346 0.198688 0.188819 0.204846 0.13757 0.210109 0.143106 0.214518 0.141771 0.218105 0.136203 0.220847 0.138107 0.222693 0.132736 0.223596 0.223485 0.139959 0.22226 0.143186 0.219782 0.179018 0.215849 0.210156 0.163822 0.202295 0.200057 0.191493 0.17893 0.226696 0.175321 0.245804 0.157853 0.16582 0.173257 0.170078 0.177529 0.178351 0.173306 0.171198 0.168638 0.166947 0.162028 0.162166 0.157706 0.186072 0.157451 0.193903 0.155878 0.200593 0.206473 0.211017 0.15577 0.214531 0.217305 0.155904 0.218984 0.155786 0.21966 0.219245 0.156315 0.217621 0.156406 0.214637 0.210051 0.203499 0.160458 0.193973 0.167922 0.181256 0.165637 0.157279 0.200969 0.191322 0.183898 0.185128 0.183346 0.180965 0.178159 0.176645 0.174412 0.195061 0.205263 0.173114 0.209804 0.212771 0.168589 0.214042 0.170286 0.214429 0.21382 0.171225 0.211785 0.17164 0.208248 0.202929 0.195073 0.171792 0.184325 0.171801 0.176738 0.198234 0.196748 0.196637 0.191162 0.190638 0.187934 0.181426 0.206222 0.207505 0.207987 0.207145 0.184597 0.204938 0.200708 0.194235 0.184101 0.186217 0.205382 0.183443 0.20063 0.19955 0.199939 0.19666 3.30001 4.33548 4.42355 5.31671 6.081 6.7829 7.43803 8.05144 8.6257 9.16168 9.65892 10.1159 10.5303 10.899 11.2186 11.4854 11.6954 11.8448 11.9292 11.9447 11.8869 11.7515 11.5336 11.2281 10.8293 10.3304 9.72343 8.99906 8.14568 7.14076 5.90076 4.25457 4.20084 4.1383 4.03024 3.85689 3.62745 3.43154 3.26322 3.06035 2.84366 2.71876 2.5553 2.34313 2.21371 2.10695 2.00154 1.91989 1.88459 1.89024 1.93597 1.99578 2.06728 2.16018 2.34361 2.56205 2.71672 2.83593 2.94866 3.07429 3.15904 2.96604 2.75522 2.58407 2.50348 2.52891 2.56041 2.58593 2.56521 2.50561 2.48169 2.54293 2.81994 2.95434 3.11165 9.30772 9.00606 9.26682 9.10905 4.09506 4.22548 4.32704 3.91692 4.35897 3.65903 4.44935 4.53643 4.00995 4.69062 4.14791 4.83446 4.93557 4.88767 4.77192 5.65748 4.6623 6.33464 4.51631 7.00895 4.38048 7.64482 4.23952 8.24122 4.09126 8.80013 3.98953 9.32052 3.94356 9.80219 3.86505 10.2426 3.76773 10.6389 3.77724 10.988 3.83251 11.286 3.84185 11.5291 3.90148 11.7133 3.95695 11.8345 3.97311 11.8885 4.09553 11.8713 4.29499 11.7784 4.38784 11.6053 4.2669 11.3474 4.72807 10.9991 4.86565 10.5544 4.75234 10.0061 5.1816 9.34554 5.3773 8.5461 5.45118 7.61956 5.6131 6.56108 5.62433 5.4212 5.01808 5.01359 5.24089 5.46815 5.56823 4.67649 5.70102 5.8575 6.02518 6.20248 6.39148 6.41494 6.24868 6.07988 5.66063 5.92852 6.45215 5.76825 7.07774 5.56634 7.70163 5.42393 8.26211 5.34994 8.83349 5.21987 9.3452 5.15387 9.81729 5.12421 10.2459 4.85664 10.6293 5.12241 10.9635 5.12022 11.2445 5.0976 11.468 5.14004 11.63 5.19702 11.7263 5.0509 11.7528 5.38374 11.7054 5.51779 11.5798 5.52636 11.3714 11.0755 5.78625 10.6865 5.99988 10.198 9.59007 6.33852 8.88757 6.52164 8.0013 6.48635 6.95248 4.91527 5.78756 6.30406 6.44767 6.64285 6.82295 7.09636 7.24566 7.42602 7.78632 7.51103 7.31711 7.13985 6.96771 6.79424 7.0473 6.43833 7.46937 6.53518 8.17063 6.41438 8.67441 6.11275 9.18215 6.26068 9.6971 9.17487 10.1218 6.11992 10.499 6.22004 10.8237 6.20164 11.0925 6.03849 11.3008 6.27362 11.4442 6.22479 11.5188 11.5208 6.47345 11.4459 6.57883 11.29 6.50877 11.0486 10.717 6.87243 10.2897 7.05719 9.73665 9.06921 7.33251 8.38072 7.49863 7.44062 7.84743 8.25061 8.12863 8.51712 8.59637 8.37942 8.24484 8.05001 7.89797 7.59428 7.51351 7.25567 8.94774 7.21867 9.4226 7.13761 9.85336 10.2535 10.5748 7.1714 10.8282 11.0331 7.21941 11.1606 7.27936 11.2167 11.1968 7.43479 11.0962 7.49963 10.9116 10.6389 10.2735 7.77039 9.77904 7.84455 9.16135 8.30824 7.22549 9.89787 9.30912 8.88413 8.90854 8.7398 8.5414 8.31932 8.1939 8.05499 9.52317 10.1767 8.08472 10.4838 10.6946 7.92274 10.7851 8.12064 10.8164 10.7836 8.28424 10.6584 8.4435 10.4459 10.1428 9.72409 8.52962 9.18301 7.92555 8.21878 9.70791 9.58271 9.53116 9.14488 9.0817 8.88892 8.66241 10.2138 10.2927 10.328 10.2802 9.07172 10.1543 9.91311 9.5631 8.64924 8.87209 10.1711 8.88416 9.78705 9.70098 9.75326 9.56752 ];