C_0 = [ -0.559502 6.11106 -4.42788 -10.1263 -20.3049 -47.5125 -89.0427 -126.009 -156.586 -181.726 -202.275 -218.929 -232.228 -242.667 -250.773 -257.13 -262.342 -266.954 -271.282 -275.176 -277.737 -276.95 -269.315 -248.225 -189.143 -265.098 -276.043 -262.254 -239.827 -213.312 -185.502 -149.187 -96.8557 -8.159 -7.619 -5.9319 -5.25302 -4.45699 -3.93673 -3.8597 -4.16988 -4.40299 -4.56302 -5.01316 -5.58314 -1.0682 -1.3474 -1.56387 -1.76178 -1.61406 -1.97041 -1.88741 -1.57052 -1.82452 -2.43541 -0.670511 -0.452957 -0.426019 -5.2529 7.43402 -10.9703 -11.4689 -20.0972 -5.27699 1.42634 -7.91102 -6.5907 0.728354 -4.92972 -8.00471 -8.69739 -5.18929 4.03342 -4.89005 -3.71095 2.1954 -2.399 1.66387 -2.71788 -0.138004 -26.8723 -62.9984 -36.4237 -105.948 -42.083 -138.671 -43.9602 -166.088 -43.9395 -188.016 -45.1086 -205.939 -47.5749 -220.349 -48.2914 -231.651 -51.1447 -240.278 -56.3443 -246.816 -70.4742 -251.903 -115.05 -256.26 -146.58 -260.559 -181.524 -265.19 -215.919 -269.96 -273.935 -246.991 -275.219 -269.685 -272.73 -274.595 -264.095 -236.269 -12.624 -37.6754 -27.1077 -58.4123 -47.505 -59.2077 -66.601 -68.4924 -64.6818 -56.3681 -49.7457 -46.4968 -46.7112 -64.5891 -51.4548 -91.7726 -63.3558 -118.915 -68.7646 -143.688 -71.2838 -166.883 -69.3489 -183.799 -76.9188 -199.104 -79.88 -212.468 -79.0309 -220.379 -91.6694 -227.369 -97.1734 -231.496 -127.252 -234.478 -161.054 -237.419 -241.561 -195.709 -247.718 -227.357 -255.499 -263.588 -255.513 -268.585 -273.458 -37.3486 -146.412 -109.418 -110.705 -119.8 -106.881 -96.4309 -82.4943 -74.8295 -72.1894 -79.1233 -84.3709 -138.478 -89.5516 -151.381 -168.04 -181.584 -102.317 -190.474 -198.176 -120.528 -202.11 -202.102 -145.415 -201.217 -169.338 -200.955 -205.594 -202.142 -216.705 -245.411 -230.631 -246.287 -87.6797 -95.4114 -146.898 -146.671 -121.405 -102.844 -85.6946 -79.5808 -74.1604 -75.6949 -95.668 -162.122 -165.323 -132.964 -161.638 -155.971 -140.545 -169.086 -130.109 -140.869 -206.226 -174.055 -85.2644 -81.6359 -133.679 -70.4621 -81.9064 -117.103 -117.859 -89.5 -50.6936 -1.11933 -4.77234 -1.62068 -0.41334 1.5805 6.28904 12.9354 18.5886 23.1737 26.919 29.9842 32.48 34.482 36.0567 37.2791 38.2395 39.0418 39.7892 40.5531 41.3256 41.9696 42.1641 41.3388 38.3838 29.1777 39.8221 42.6884 41.7167 39.2591 35.9076 31.994 26.8172 19.5049 7.06207 6.64637 5.80788 5.24443 4.7528 4.42277 4.31003 4.36016 4.39989 4.39301 4.36438 3.93945 2.20094 1.91891 2.28807 2.65914 2.7317 2.84097 2.71128 2.51082 2.49577 2.1011 0.36506 0.178418 0.286423 0.657731 -5.49598 8.94026 8.67576 10.8982 6.16794 -0.993675 3.2594 4.12125 -0.332499 4.04418 4.99386 5.25486 4.39132 -3.35155 4.02646 3.30795 -2.07281 2.49314 -1.63643 2.7331 -0.135468 6.86732 9.34919 8.56616 15.7501 9.50063 20.62 9.85764 24.6943 9.94573 27.9749 10.243 30.6767 10.7951 32.8656 11.1787 34.5918 11.9442 35.9148 13.0598 36.916 15.3078 37.6972 21.4355 38.3824 26.1626 39.0968 31.2803 39.9205 36.2179 40.8249 41.6374 40.0433 42.0252 42.2892 41.7212 41.9906 40.2372 35.525 0.726231 5.08406 3.00518 9.29749 9.06854 10.944 12.291 12.8317 12.4883 11.4105 10.3553 9.73666 9.86753 8.97494 10.6416 13.4647 12.4967 17.7754 13.3342 21.556 13.7625 25.0735 13.5934 27.6914 14.8226 30.0612 15.4658 32.1216 15.6248 33.4156 17.6958 34.5122 18.7545 35.1865 23.0876 35.6762 28.248 36.1626 36.863 33.4819 37.9236 37.604 39.264 40.6245 40.7557 41.5255 42.308 4.56747 27.2426 17.2564 18.0292 19.7377 18.4362 17.3344 15.545 14.56 14.0694 15.0741 15.767 21.3285 16.4967 23.4373 25.9795 28.1673 18.9293 29.6756 30.9436 22.1861 31.6461 31.7832 26.1369 31.7522 29.9354 31.8018 32.6016 34.3815 34.4163 39.354 36.6675 38.9387 13.8135 17.5484 23.6281 24.0683 21.174 19.0248 17.0031 15.8524 15.2316 15.1228 19.5627 26.4721 27.2104 25.1211 26.9946 26.4216 24.6151 30.149 23.3268 25.084 34.4486 29.8898 16.3209 16.4809 23.1984 16.0413 19.0505 21.5532 21.8892 18.577 14.149 ]';