C_0 = [ -234.133 -46.9902 -11.5502 92.2247 162.13 220.426 272.413 319.904 363.864 404.678 442.484 477.28 508.992 537.496 562.629 584.197 601.981 615.752 625.265 630.27 630.515 625.743 615.697 600.116 578.738 551.29 517.487 477.024 429.561 374.704 311.937 240.582 159.7 66.9424 -29.193 -32.2422 -29.5445 -30.3328 -26.5954 -27.4465 -20.6574 -24.6056 -15.4223 -23.3657 -9.54086 -18.1607 -12.7933 -10.1248 -12.0116 -5.72443 -10.1648 -8.07224 -3.51009 -8.3247 -6.69571 -3.50086 -9.35079 -8.33408 -4.99116 -12.011 -8.2562 -13.0753 -18.5807 -8.97257 -22.0062 -15.5623 -16.2111 -31.5831 -8.58052 -11.3105 -23.7257 0.759057 -17.067 -22.0739 3.22351 -31.242 -8.04358 -2.27544 -30.4706 -3.73057 -14.3754 -46.2271 48.5718 437.414 430.267 374.286 331.395 69.6114 71.3231 79.8615 62.9483 78.912 34.8445 81.9679 90.4956 42.8082 89.8711 21.1079 96.1837 59.9628 101.584 88.1998 77.9291 73.8316 138.896 69.5878 191.808 69.3751 243.324 66.1891 291.089 65.0265 336.632 63.1262 378.759 63.0404 418.014 68.4153 454.373 69.2374 487.741 66.4691 518.018 66.18 545.045 66.3436 568.633 65.2783 588.569 63.8255 604.621 63.5156 616.546 63.3836 624.095 58.5041 627.013 57.0229 625.045 57.4641 617.932 57.1766 605.419 58.2878 587.246 41.5667 563.15 57.635 532.861 53.7543 496.096 39.7253 452.546 53.7924 401.875 54.117 343.355 53.1236 276.143 56.3102 199.877 61.0864 119.512 56.7562 40.2925 92.6694 143.796 147.41 127.674 157.559 101.393 165.164 171.378 177.945 185.134 91.4124 195.775 211.371 180.847 164.62 156.563 150.849 149.102 204.849 144.896 252.472 139.433 300.662 134.724 344 119.616 383.375 133.053 421.39 133.758 457.491 132.944 489.662 131.196 518.732 127.455 544.528 126.092 566.83 127.078 585.398 124.121 599.983 122.839 610.331 123.389 616.183 109.723 617.279 118.75 613.36 119.338 604.17 119.083 589.456 111.665 568.966 542.444 118.008 509.629 109.244 470.25 424.016 118.418 370.055 122.117 308.746 127.826 237.814 136.873 148.007 204.859 198.933 215.558 159.771 233.908 243.397 250.932 256.806 267.788 285.005 279.207 259.235 241.176 230.139 221.902 214.028 254.853 206.163 300.772 193.561 337.917 375.764 194.4 415.162 193.097 450.162 193.611 482.503 189.812 510.719 175.915 535.634 186.474 556.993 185.156 574.529 171.682 587.972 182.118 597.062 392.403 601.531 415.493 601.109 180.535 595.536 168.305 584.562 178.853 567.946 175.718 545.447 516.825 173.712 481.838 174.095 440.241 389.286 179.363 331.985 187.647 275.611 200.687 213.961 305.609 254.069 282.069 310.581 302.657 328.769 317.623 347.012 347.133 324.862 308.902 296.729 286.257 278.361 268.342 259.191 361.032 243.58 398.208 252.227 435.024 249.507 466.485 239.544 494.284 518.71 242.787 539.551 233.759 556.389 569.03 577.211 238.754 580.623 578.985 230.868 572.022 559.538 234.738 541.301 221.935 517.087 486.659 230.533 449.819 223.415 404.041 347.503 241.975 277.45 370.248 361.988 237.057 245.23 377.217 399.263 380.514 367.263 352.854 345.759 336.21 324.718 307.83 305.267 411.034 298.949 441.917 297.238 469.858 492.144 294.663 514.957 531.365 542.605 550.018 291.581 553.105 551.357 289.089 543.269 529.532 280.507 509.911 484.693 452.822 276.689 413.525 366.764 426.349 280.937 292.805 304.997 417.809 435.261 437.33 407.798 407.938 399.508 386.814 374.084 360.99 344.336 348.261 345.795 463.018 484.341 497.313 508.111 515.788 340.293 521.129 518.747 335.144 509.718 495.065 176.328 474.573 449.512 415.935 375.601 334.58 339.221 460.071 463.06 435.618 435.326 411.913 394.96 479.523 378.648 485 482.36 471.903 456.642 433.881 414.838 384.885 387.19 452.883 9.33426 -106.009 8.54554 10.4716 14.8908 20.2553 25.937 31.629 37.1329 42.3623 47.2704 51.8303 56.0221 59.8231 63.2048 66.1323 68.5659 70.4611 71.7706 72.4437 72.4265 71.6613 70.0852 67.627 64.2023 59.7054 53.9956 46.8754 38.0535 27.0844 13.2357 -4.57222 -27.7702 -59.5337 -91.1815 -59.2946 -23.2306 -0.0621034 1.75167 -13.7132 -32.7069 -40.769 -32.5848 -15.403 0.171372 4.6954 -2.00854 -14.6798 -23.6904 -22.3713 -12.8159 -0.693928 7.23894 6.80813 -1.29476 -12.3595 -19.947 -20.0157 -12.5705 -1.72862 5.63784 3.08867 -9.71903 -25.969 -35.2602 -31.6424 -16.7827 -4.03938 -1.09833 -7.1981 -17.1358 -23.4855 -21.3388 -12.3393 -1.88515 2.25906 -2.95177 -14.2921 -22.7897 -25.1496 -21.0348 -10.4719 1.7429 48.3032 47.18 39.6235 31.8901 5.76655 2.35293 4.30948 -4.68196 0.405672 -12.9468 -2.98818 -3.04707 -10.4403 -0.306475 -7.90015 4.05032 0.858168 6.64386 4.2113 -3.76165 -11.1914 10.4016 -12.7623 15.8911 -8.22316 21.9092 -0.574439 27.7708 5.41559 33.5423 6.70536 38.9661 3.97197 44.0644 1.10721 48.8176 -0.858 53.2113 -0.740366 57.2311 2.14948 60.8516 5.41009 64.0408 6.35094 66.7602 4.1506 68.9668 -0.150412 70.6143 -3.99547 71.6534 -5.47742 72.0322 -2.23538 71.696 3.193 70.5861 5.82739 68.6389 2.7108 65.7823 -5.35261 61.9307 -13.1486 56.9762 -19.5507 50.7752 -21.3764 43.1248 -9.98541 33.7261 0.485778 22.0038 4.8753 7.12284 -2.85858 -11.6966 -21.5862 -35.2692 -44.5414 -65.6114 6.79859 9.69044 11.9948 4.94476 12.2607 -0.798734 11.5463 10.7881 11.1369 13.0155 1.22122 15.7076 18.2205 13.753 8.39464 4.5009 8.90745 3.34722 15.9028 5.37315 22.2882 8.6686 28.6875 11.2384 34.3892 10.732 39.5399 11.6299 44.5024 10.6897 49.2339 10.0677 53.4822 10.2084 57.3561 10.5739 60.8281 10.9203 63.8594 10.4553 66.4068 8.76541 68.4239 7.105 69.8624 6.98435 70.6717 5.79098 70.7995 9.22083 70.191 9.95908 68.7894 7.52001 66.5344 0.466171 63.3599 59.1899 -4.74653 53.9319 -5.78018 47.468 39.6383 2.89745 30.0888 8.5138 18.3906 7.89174 4.14589 -0.115891 -13.8006 17.0111 14.7755 19.091 8.80466 21.0251 21.5937 21.8778 22.3904 24.1418 26.8029 26.3153 23.2294 19.4388 16.8975 16.0441 16.5326 22.5745 17.7031 28.8111 18.048 33.7191 38.6061 18.5788 43.7112 18.3492 48.2872 18.418 52.5644 18.0515 56.3406 16.4467 59.7122 17.5054 62.6333 16.8749 65.0555 14.6067 66.9297 15.8756 68.2071 42.7958 68.8363 44.8853 68.7641 15.8851 67.9376 13.1391 66.305 11.1583 63.8146 7.19808 60.4138 56.0476 5.92831 50.6579 8.4435 44.182 36.113 12.6683 26.8247 14.6629 16.5538 13.0956 8.28525 29.6449 23.1323 26.8439 30.3871 29.1232 32.3141 30.6632 34.6425 35.0184 31.8306 29.1912 27.2909 26.2391 26.1587 26.0859 25.9217 36.7201 24.4639 41.4823 25.6863 46.2967 25.4248 50.4803 24.1696 54.2249 57.5518 24.3395 60.4201 22.8877 62.7635 64.5441 65.7128 22.6331 66.2126 65.9896 19.7205 64.9915 63.1792 17.5476 60.5113 14.521 56.9528 52.4735 16.6199 47.0607 17.0628 40.3518 32.1795 20.4599 21.9537 37.8593 36.9411 23.0583 20.3033 38.6436 41.9118 39.3603 37.5119 35.6204 35.0486 34.417 33.6827 32.2093 32.1609 43.1323 31.456 47.2821 31.1522 51.0743 54.1308 30.6089 57.2751 59.5771 61.1913 62.2799 28.1077 62.755 62.5276 26.1582 61.3958 59.4366 24.0275 56.6159 52.9672 48.3944 24.3186 42.8398 36.338 45.425 28.5948 29.4729 28.2445 44.1921 46.7603 47.1405 43.2196 43.4535 42.6304 41.4042 40.1962 38.8702 36.9473 37.3953 36.9046 50.375 53.3315 55.1934 56.7843 57.9463 33.8483 58.7356 58.4397 32.3581 57.19 55.1003 15.5657 52.1391 48.5002 43.7325 38.0484 35.0755 34.7735 50.357 50.998 47.615 47.8487 45.129 43.0025 53.3706 38.7953 54.2057 53.8817 52.4406 50.2018 46.8664 43.9501 41.4341 40.6371 50.2126 ];