C_0 = [ 8.33828 8.28193 7.97201 7.63481 7.32399 7.03629 6.76804 6.51763 6.2844 6.06833 5.86988 5.68982 5.52927 5.38951 5.27198 5.1782 5.10981 5.06844 5.05576 5.07341 5.12306 5.20635 5.3249 5.48039 5.67451 5.90902 6.18578 6.50677 6.87424 7.29064 7.75907 8.28488 8.29012 8.2939 8.30146 8.31553 8.33465 8.34899 8.36111 8.37591 8.39271 8.39903 8.40928 8.42614 8.43292 8.43898 8.44605 8.45154 8.45353 8.45314 8.44982 8.44629 8.44227 8.43824 8.42475 8.40759 8.39818 8.39063 8.38196 8.37042 8.35428 8.37685 8.3936 8.40709 8.41195 8.40539 8.4022 8.3984 8.40014 8.40678 8.41019 8.40508 8.37493 8.37042 8.35194 6.22431 6.17378 6.19527 6.26781 7.97042 7.92738 7.89437 8.03373 7.88208 8.12775 7.85186 7.82565 8.05727 7.78685 8.04839 7.76187 7.7608 7.80926 7.85641 7.48833 7.8845 7.2117 7.91731 6.93741 7.94353 6.67924 7.96617 6.43779 7.98685 6.21278 7.99661 6.00484 7.99507 5.81446 8.0065 5.64276 8.02665 5.49104 8.02293 5.36067 8.01178 5.25319 8.01674 5.17023 8.01313 5.11344 8.01379 5.0845 8.02774 5.08509 8.01818 5.11686 7.98701 5.18144 7.98534 5.28047 8.04432 5.41557 7.94287 5.5884 7.93402 5.80064 7.9956 6.05407 7.89646 6.35061 7.86768 6.69929 7.87005 7.09132 7.83544 7.51288 7.8442 7.91815 7.74195 7.6776 7.58293 7.49535 7.45753 7.81717 7.40924 7.35442 7.29924 7.24732 7.19964 7.22159 7.31313 7.38812 7.46261 7.442 7.14737 7.49027 6.89839 7.54757 6.64891 7.57965 6.42565 7.58869 6.19873 7.61654 5.99715 7.62628 5.81306 7.62924 5.64824 7.70814 5.5036 7.62891 5.38081 7.63555 5.28159 7.65245 5.20764 7.65359 5.1607 7.65398 5.14249 7.71988 5.15466 7.63674 5.19886 7.62211 5.27671 7.65726 5.38979 5.5397 7.61207 5.72802 7.5842 5.95641 6.23186 7.50649 6.54184 7.47451 6.92046 7.51033 7.35136 7.76311 7.39158 7.18774 7.12699 7.05179 6.98517 6.88523 6.83574 6.78127 6.66284 6.80106 6.90009 6.98108 7.04933 7.11064 6.90118 7.23199 6.73467 7.18968 6.4603 7.22333 6.26417 7.31778 6.06764 7.26359 5.86917 6.13682 5.70841 7.30852 5.56828 7.27948 5.45085 7.29357 5.35766 7.3573 5.29053 7.29434 5.2515 7.33501 5.24208 5.26393 7.27979 5.31872 7.27437 5.40801 7.33237 5.53329 5.69604 7.23578 5.89774 7.20655 6.1499 6.44543 7.1387 6.74452 7.1073 6.74555 6.58988 6.438 6.49591 6.35421 6.35717 6.46728 6.53822 6.62748 6.6926 6.80934 6.8354 6.92515 6.16949 6.93701 5.99092 6.96788 5.83033 5.68263 5.56777 6.9771 5.48152 5.41575 6.98045 5.38282 6.98388 5.38018 5.40978 6.9558 5.47354 6.96836 5.57265 5.70844 5.88219 6.905 6.10825 6.90952 6.38208 6.7498 6.94547 5.84422 6.10134 6.28909 6.29135 6.36804 6.45013 6.53718 6.58647 6.64147 5.97975 5.74807 6.66442 5.63838 5.56959 6.74123 5.5505 6.69022 5.55592 5.58907 6.65437 5.66041 6.6245 5.76817 5.91312 6.10507 6.62436 6.34393 6.69416 6.59966 5.9581 6.02642 6.06113 6.22011 6.25122 6.33173 6.46941 5.77861 5.76098 5.7632 5.7997 6.35948 5.86921 5.98544 6.14512 6.42966 6.37192 5.7808 6.40692 5.97119 6.0192 6.01477 6.10456 0.125773 0.182992 0.167897 0.207966 0.246324 0.282792 0.317583 0.350767 0.382306 0.412098 0.439995 0.465819 0.489353 0.510367 0.528616 0.543846 0.555805 0.564239 0.568906 0.56957 0.566003 0.557983 0.545295 0.527722 0.505044 0.477031 0.44344 0.404012 0.358447 0.306425 0.247712 0.179093 0.175905 0.172104 0.166012 0.156809 0.145875 0.136744 0.128589 0.119698 0.111011 0.105354 0.0984436 0.0901583 0.0851303 0.0809495 0.0769204 0.0739145 0.0726653 0.0729692 0.0747543 0.0771241 0.0800252 0.0838373 0.091261 0.100539 0.107729 0.113622 0.119417 0.125719 0.130336 0.122938 0.113991 0.106288 0.102215 0.102368 0.102777 0.103044 0.101428 0.0982194 0.0965989 0.0986414 0.107562 0.11265 0.119566 0.416995 0.406141 0.415016 0.40598 0.156058 0.162875 0.1684 0.14764 0.17092 0.137058 0.175796 0.180723 0.150298 0.188673 0.156072 0.196023 0.200962 0.198336 0.191762 0.224834 0.185336 0.259643 0.177344 0.295012 0.16991 0.329005 0.162398 0.361429 0.154867 0.392223 0.149721 0.421209 0.14719 0.448257 0.14354 0.473143 0.139269 0.495636 0.13939 0.515497 0.141489 0.532471 0.141941 0.546298 0.144536 0.556722 0.147073 0.563493 0.148275 0.566371 0.153906 0.565125 0.162854 0.559532 0.167553 0.549376 0.163917 0.534444 0.183652 0.514524 0.190899 0.489394 0.188114 0.458824 0.207615 0.422558 0.218484 0.3794 0.223931 0.330429 0.232513 0.277548 0.234119 0.226579 0.193707 0.195484 0.207681 0.219848 0.225924 0.178767 0.233385 0.241922 0.250965 0.260356 0.270017 0.270987 0.262004 0.252534 0.225827 0.243886 0.266607 0.234999 0.299426 0.224244 0.332822 0.216565 0.363262 0.212412 0.394673 0.205777 0.423085 0.202303 0.449493 0.200622 0.47361 0.187972 0.495263 0.200132 0.514171 0.199831 0.53006 0.198638 0.542667 0.20053 0.551728 0.203159 0.556998 0.196358 0.558243 0.212017 0.555238 0.218578 0.547769 0.219141 0.535627 0.518609 0.232443 0.49651 0.243628 0.469115 0.435505 0.261725 0.397316 0.272154 0.349919 0.271862 0.295523 0.188886 0.233589 0.260403 0.268987 0.279876 0.289947 0.304643 0.312927 0.322715 0.341504 0.326911 0.316146 0.306049 0.296203 0.286385 0.298847 0.267581 0.321608 0.271783 0.359256 0.265081 0.386822 0.249549 0.414746 0.256483 0.443284 0.414987 0.466965 0.248968 0.488059 0.253713 0.506246 0.252666 0.521277 0.244512 0.532874 0.256139 0.540752 0.253619 0.544695 0.544476 0.266205 0.539876 0.271611 0.53069 0.268296 0.516728 0.497803 0.28723 0.473727 0.297524 0.442985 0.406471 0.312836 0.369535 0.32259 0.321136 0.343011 0.364888 0.359096 0.379925 0.384109 0.372144 0.364332 0.353182 0.344217 0.327086 0.321925 0.307665 0.402601 0.305124 0.42859 0.300548 0.452264 0.474351 0.492097 0.301863 0.506032 0.517261 0.304388 0.524108 0.307552 0.526896 0.525375 0.315844 0.519308 0.31957 0.50854 0.492907 0.472248 0.334561 0.444658 0.339262 0.41072 0.364726 0.304827 0.454471 0.421766 0.398161 0.398705 0.388607 0.377023 0.364282 0.356935 0.349036 0.434113 0.469512 0.350018 0.486226 0.497619 0.341443 0.502212 0.352129 0.503507 0.501229 0.361193 0.493799 0.3703 0.481544 0.464362 0.440958 0.37575 0.41114 0.341865 0.357266 0.44295 0.435176 0.431394 0.409502 0.405446 0.39437 0.381355 0.469989 0.47382 0.475266 0.472145 0.404384 0.464772 0.451067 0.43149 0.380912 0.392804 0.468237 0.393687 0.444989 0.439519 0.442103 0.431494 ];