C_0 = [ 2.71049e+06 2.84612e+06 5.7853e+06 8.23569e+06 9.70698e+06 1.08915e+07 1.19294e+07 1.28296e+07 1.36117e+07 1.42935e+07 1.48875e+07 1.54007e+07 1.5838e+07 1.62019e+07 1.64928e+07 1.67102e+07 1.68523e+07 1.69166e+07 1.68994e+07 1.67962e+07 1.66015e+07 1.63082e+07 1.59077e+07 1.5389e+07 1.47379e+07 1.3935e+07 1.29522e+07 1.17424e+07 1.03075e+07 8.6446e+06 6.53722e+06 1.11516e+06 791443 618595 497777 396240 319113 263929 219770 187401 154026 136702 118836 94187.1 83563.9 74313.4 64733.7 57929.4 55613.2 56355.4 60502 65074.5 70828.7 77050.2 96283.2 123709 143436 161922 185703 217121 265178 241311 221458 202543 200700 227450 247913 276759 295794 303916 332364 401650 524902 632678 967556 4.48005e+06 5.93303e+06 4.25052e+06 4.05535e+06 1.69459e+06 1.68281e+06 1.64627e+06 1.63961e+06 1.56676e+06 1.4437e+06 1.55164e+06 1.53172e+06 2.00103e+06 1.53972e+06 2.82175e+06 1.5134e+06 1.42571e+06 1.24142e+06 1.07363e+06 6.10724e+06 962323 7.15247e+06 857489 8.26896e+06 777126 9.21471e+06 710488 1.00342e+07 654427 1.0747e+07 621618 1.13756e+07 609895 1.19219e+07 586179 1.23933e+07 555535 1.27924e+07 557339 1.31199e+07 570699 1.33755e+07 568576 1.35577e+07 581920 1.36645e+07 593479 1.36926e+07 591936 1.36382e+07 623062 1.34964e+07 686305 1.32612e+07 719280 1.29253e+07 671935 1.24799e+07 866021 1.19137e+07 949666 1.12126e+07 923506 1.03582e+07 1.20936e+06 9.33178e+06 1.44763e+06 7.98714e+06 1.68901e+06 6.44299e+06 2.15295e+06 4.96781e+06 2.70775e+06 3.52066e+06 5.08429e+06 3.04988e+06 3.08944e+06 3.11033e+06 2.9748e+06 2.79119e+06 2.92196e+06 2.89854e+06 2.87574e+06 2.83764e+06 2.77975e+06 2.54641e+06 2.19755e+06 1.91644e+06 4.63784e+06 1.70982e+06 5.96164e+06 1.54473e+06 6.86373e+06 1.38705e+06 7.70796e+06 1.28463e+06 8.34925e+06 1.23066e+06 9.06465e+06 1.15903e+06 9.62941e+06 1.12299e+06 1.01267e+07 1.10366e+06 1.05593e+07 987295 1.09221e+07 1.09524e+06 1.12156e+07 1.08942e+06 1.14387e+07 1.07706e+06 1.15897e+07 1.09235e+06 1.16658e+07 1.11465e+06 1.16634e+07 1.0457e+06 1.15784e+07 1.19566e+06 1.14058e+07 1.27223e+06 1.114e+07 1.28596e+06 1.07738e+07 1.02988e+07 1.49355e+06 9.70495e+06 1.70602e+06 8.97998e+06 8.06866e+06 2.14535e+06 7.08162e+06 2.57522e+06 5.63812e+06 2.89494e+06 4.07522e+06 3.74179e+06 4.31773e+06 4.77624e+06 4.48004e+06 4.39548e+06 4.30759e+06 4.35934e+06 4.24756e+06 4.11585e+06 4.14754e+06 3.5021e+06 3.06076e+06 2.71228e+06 2.43392e+06 2.20686e+06 5.98613e+06 1.91677e+06 6.17309e+06 1.9296e+06 7.12371e+06 1.82046e+06 7.55898e+06 1.62909e+06 8.05318e+06 1.6876e+06 8.63146e+06 5.51838e+06 9.02445e+06 1.586e+06 9.35395e+06 1.64118e+06 9.61808e+06 1.63481e+06 9.81359e+06 1.55152e+06 9.93927e+06 1.67862e+06 9.99144e+06 1.6537e+06 9.96564e+06 9.85819e+06 1.84307e+06 9.66486e+06 1.9538e+06 9.38028e+06 1.96928e+06 8.99811e+06 8.51108e+06 2.32837e+06 7.91104e+06 2.67495e+06 7.13357e+06 6.23352e+06 3.25675e+06 5.4444e+06 3.9929e+06 5.58175e+06 5.83534e+06 6.00267e+06 5.37215e+06 5.57031e+06 4.92102e+06 4.29984e+06 3.89146e+06 3.47793e+06 3.15869e+06 2.73834e+06 2.59118e+06 2.33543e+06 6.8511e+06 2.27825e+06 7.24181e+06 2.21116e+06 7.60442e+06 7.96401e+06 8.20223e+06 2.23251e+06 8.35007e+06 8.48675e+06 2.30654e+06 8.52086e+06 2.39921e+06 8.47767e+06 8.35615e+06 2.59213e+06 8.15266e+06 2.74996e+06 7.86142e+06 7.47677e+06 6.99284e+06 3.23353e+06 6.34063e+06 3.61e+06 5.56213e+06 4.55103e+06 2.2679e+06 6.69365e+06 5.33086e+06 4.51784e+06 4.31396e+06 3.90487e+06 3.56163e+06 3.25541e+06 3.08712e+06 2.94117e+06 6.43402e+06 6.80311e+06 3.00086e+06 7.09473e+06 7.25437e+06 2.92182e+06 7.21011e+06 3.17522e+06 7.13546e+06 7.03118e+06 3.45204e+06 6.82859e+06 3.84083e+06 6.54155e+06 6.16501e+06 5.66237e+06 4.31913e+06 5.02768e+06 2.82955e+06 3.07914e+06 5.58541e+06 5.09108e+06 4.77694e+06 4.19793e+06 4.04556e+06 3.78536e+06 3.66608e+06 6.02237e+06 5.98678e+06 5.9506e+06 5.85654e+06 4.49785e+06 5.71504e+06 5.43875e+06 5.04568e+06 3.5187e+06 3.81861e+06 6.2074e+06 4.04642e+06 5.03984e+06 4.82876e+06 4.93985e+06 4.73259e+06 862773 924189 993581 1.1075e+06 1.14449e+06 1.17461e+06 1.20449e+06 1.23055e+06 1.25289e+06 1.27209e+06 1.28856e+06 1.30251e+06 1.31413e+06 1.32356e+06 1.33088e+06 1.33616e+06 1.33944e+06 1.34071e+06 1.33994e+06 1.33699e+06 1.33171e+06 1.32386e+06 1.31313e+06 1.29908e+06 1.2811e+06 1.25825e+06 1.22891e+06 1.18942e+06 1.14414e+06 1.10025e+06 1.05197e+06 466946 294594 206630 154715 120872 98436.7 82369.4 70332.3 62071.9 54527.1 49342.8 44851.8 40449.2 37619.6 35375.1 33409.1 32011.9 31465.6 31631.4 32423.9 33479.5 34899.2 36897.9 40625.5 45602.2 50392 55409.3 61496.7 69319.9 78459.2 81432.5 82630.8 83461.7 86596.4 93908.8 102737 114133 127085 142229 163500 188014 224860 290338 446521 225942 317196 205232 199191 224386 203840 185973 246275 169840 263340 160058 151592 351905 145346 554724 138471 128916 115604 102546 737493 92565.5 755587 83770 793313 77018.6 821485 71436.1 845324 66852.5 865403 63840.1 883123 62159.3 898108 60425.8 910743 58716.5 921181 58675 929482 59422.1 935729 59767.2 939989 61121 942291 62817.9 942614 64412.9 940880 67916.2 936952 73694.4 930637 79230.7 921676 82185.3 909737 95910.5 894388 108838 875042 119082 850870 145065 821219 180066 771449 229123 715410 316587 688931 458662 680303 723841 315525 286010 262721 236729 342596 220649 208839 198777 189238 179201 162138 142126 125355 468940 112391 521727 102073 549680 92970.3 575143 86482 588651 82303.1 613303 78204.8 628771 75778.7 642094 74360.2 653534 70471.8 662745 73704.9 669869 73941.2 675025 74385.2 678295 76135.9 679702 78769.2 679201 79076.3 676683 87159.1 671988 94613.7 664905 102066 655177 642492 120504 626487 143836 606731 578503 184430 553348 236283 493049 298002 432680 488378 384141 376703 325436 299051 278648 268729 253420 238032 229002 192544 167829 148617 133478 121299 437036 108122 416358 105898 455856 100145 461062 92280.2 473929 93368.8 494704 274277 504665 89432.4 512484 91429.3 518352 91969.1 522415 90323.3 524799 96849.5 525494 99681.1 524391 521348 111608 516185 121993 508681 130959 498586 485638 155899 469561 187305 445916 418319 240151 404080 325959 355753 353532 346669 302351 304290 254469 218171 194738 173247 156882 137182 128719 117427 381673 114336 391102 111795 399762 409200 413592 115619 414921 418495 121967 418759 130016 417356 414102 144124 408819 160980 401240 391128 378284 196526 358756 233070 335102 304943 114875 330215 257567 216509 203654 183451 167171 153476 146267 140474 327863 327722 149050 337374 342570 149101 339208 165160 336603 334857 184855 329805 213836 322440 312485 298088 256074 278106 136718 149462 262198 235212 219022 193029 187095 177926 183528 277134 275109 275225 274291 236099 272723 266105 254630 167822 187573 288460 207079 231149 224863 233674 229305 ]';