C_0 = [ 242.633 55.4904 20.0503 -83.7246 -153.629 -211.926 -263.913 -311.404 -355.364 -396.178 -433.984 -468.78 -500.492 -528.996 -554.129 -575.696 -593.481 -607.252 -616.765 -621.77 -622.015 -617.243 -607.196 -591.616 -570.237 -542.789 -508.987 -468.524 -421.06 -366.203 -303.437 -232.082 -151.2 -58.4422 37.6932 40.7424 38.0447 38.833 35.0956 35.9467 29.1576 33.1058 23.9225 31.8659 18.041 26.6609 21.2935 18.625 20.5117 14.2246 18.6649 16.5724 12.0103 16.8249 15.1959 12.001 17.851 16.8343 13.4913 20.5112 16.7564 21.5755 27.0809 17.4727 30.5064 24.0624 24.7113 40.0833 17.0807 19.8107 32.2259 7.74112 25.5672 30.5741 5.27667 39.7422 16.5438 10.7756 38.9708 12.2307 22.8756 54.7273 -40.0716 -428.914 -421.766 -365.786 -322.894 -61.1112 -62.8229 -71.3613 -54.4481 -70.4118 -26.3443 -73.4678 -81.9954 -34.308 -81.371 -12.6077 -87.6835 -51.4626 -93.084 -79.6996 -69.4289 -65.3314 -130.396 -61.0876 -183.307 -60.8749 -234.824 -57.689 -282.589 -56.5263 -328.132 -54.626 -370.259 -54.5402 -409.514 -59.9151 -445.873 -60.7372 -479.24 -57.9689 -509.518 -57.6798 -536.545 -57.8434 -560.133 -56.7781 -580.068 -55.3253 -596.12 -55.0154 -608.046 -54.8834 -615.595 -50.0039 -618.513 -48.5227 -616.545 -48.964 -609.432 -48.6764 -596.919 -49.7876 -578.745 -33.0665 -554.65 -49.1348 -524.361 -45.2541 -487.595 -31.2251 -444.046 -45.2922 -393.375 -45.6169 -334.855 -44.6234 -267.643 -47.81 -191.377 -52.5862 -111.011 -48.256 -31.7923 -84.1692 -135.296 -138.91 -119.174 -149.059 -92.8924 -156.664 -162.878 -169.444 -176.634 -82.9123 -187.275 -202.87 -172.347 -156.12 -148.063 -142.349 -140.602 -196.348 -136.396 -243.972 -130.933 -292.162 -126.224 -335.5 -111.116 -374.875 -124.552 -412.889 -125.258 -448.991 -124.444 -481.162 -122.696 -510.231 -118.954 -536.028 -117.592 -558.329 -118.578 -576.898 -115.621 -591.483 -114.339 -601.831 -114.889 -607.683 -101.223 -608.779 -110.25 -604.86 -110.838 -595.67 -110.582 -580.956 -103.165 -560.466 -533.944 -109.508 -501.129 -100.744 -461.75 -415.516 -109.918 -361.555 -113.617 -300.245 -119.326 -229.314 -128.373 -139.507 -196.359 -190.433 -207.058 -151.271 -225.408 -234.896 -242.432 -248.306 -259.288 -276.505 -270.706 -250.735 -232.676 -221.639 -213.402 -205.528 -246.353 -197.663 -292.272 -185.061 -329.417 -367.263 -185.9 -406.662 -184.597 -441.662 -185.111 -474.003 -181.312 -502.219 -167.415 -527.134 -177.973 -548.493 -176.656 -566.029 -163.182 -579.472 -173.618 -588.562 -383.903 -593.03 -406.993 -592.609 -172.035 -587.036 -159.805 -576.062 -170.353 -559.446 -167.217 -536.947 -508.325 -165.212 -473.338 -165.595 -431.741 -380.785 -170.863 -323.485 -179.147 -267.11 -192.187 -205.461 -297.109 -245.569 -273.569 -302.081 -294.157 -320.269 -309.122 -338.512 -338.633 -316.362 -300.401 -288.228 -277.757 -269.86 -259.842 -250.691 -352.532 -235.08 -389.708 -243.727 -426.524 -241.006 -457.985 -231.043 -485.783 -510.21 -234.287 -531.05 -225.259 -547.889 -560.53 -568.71 -230.254 -572.123 -570.484 -222.367 -563.522 -551.038 -226.238 -532.801 -213.435 -508.586 -478.159 -222.033 -441.318 -214.915 -395.54 -339.003 -233.474 -268.95 -361.748 -353.488 -228.556 -236.73 -368.717 -390.763 -372.014 -358.763 -344.354 -337.259 -327.709 -316.218 -299.33 -296.766 -402.534 -290.449 -433.417 -288.737 -461.358 -483.644 -286.163 -506.457 -522.865 -534.104 -541.518 -283.08 -544.605 -542.856 -280.589 -534.769 -521.032 -272.006 -501.411 -476.192 -444.322 -268.189 -405.025 -358.264 -417.849 -272.436 -284.305 -296.497 -409.309 -426.761 -428.829 -399.298 -399.438 -391.008 -378.314 -365.584 -352.49 -335.836 -339.761 -337.294 -454.518 -475.841 -488.812 -499.611 -507.288 -331.792 -512.629 -510.247 -326.644 -501.218 -486.565 -167.828 -466.072 -441.012 -407.435 -367.1 -326.079 -330.721 -451.571 -454.56 -427.118 -426.825 -403.413 -386.46 -471.023 -370.148 -476.5 -473.859 -463.403 -448.142 -425.381 -406.338 -376.385 -378.69 -444.383 -9.31792 106.026 -8.52919 -10.4553 -14.8744 -20.239 -25.9207 -31.6127 -37.1165 -42.346 -47.254 -51.814 -56.0057 -59.8067 -63.1884 -66.116 -68.5495 -70.4448 -71.7543 -72.4273 -72.4101 -71.645 -70.0689 -67.6107 -64.186 -59.689 -53.9793 -46.8591 -38.0371 -27.068 -13.2194 4.58857 27.7865 59.55 91.1978 59.311 23.247 0.0784499 -1.73533 13.7296 32.7232 40.7854 32.6011 15.4193 -0.155026 -4.67906 2.02489 14.6961 23.7067 22.3877 12.8323 0.710275 -7.22259 -6.79179 1.3111 12.3758 19.9633 20.0321 12.5869 1.74497 -5.6215 -3.07232 9.73538 25.9854 35.2766 31.6587 16.7991 4.05572 1.11467 7.21445 17.1521 23.5019 21.3551 12.3557 1.9015 -2.24272 2.96812 14.3084 22.8061 25.1659 21.0511 10.4883 -1.72655 -48.2869 -47.1636 -39.6072 -31.8737 -5.75021 -2.33658 -4.29313 4.6983 -0.389326 12.9631 3.00453 3.06341 10.4567 0.322821 7.9165 -4.03397 -0.841821 -6.62752 -4.19496 3.778 11.2078 -10.3852 12.7787 -15.8747 8.2395 -21.8928 0.590785 -27.7544 -5.39924 -33.526 -6.68902 -38.9498 -3.95562 -44.0481 -1.09087 -48.8012 0.874347 -53.195 0.756713 -57.2147 -2.13313 -60.8353 -5.39374 -64.0244 -6.3346 -66.7438 -4.13426 -68.9505 0.166759 -70.5979 4.01182 -71.6371 5.49377 -72.0159 2.25172 -71.6796 -3.17665 -70.5698 -5.81105 -68.6226 -2.69446 -65.766 5.36896 -61.9143 13.165 -56.9599 19.5671 -50.7588 21.3928 -43.1084 10.0018 -33.7097 -0.469431 -21.9875 -4.85895 -7.1065 2.87492 11.713 21.6025 35.2856 44.5577 65.6277 -6.78224 -9.67409 -11.9785 -4.92842 -12.2444 0.815081 -11.5299 -10.7717 -11.1206 -12.9991 -1.20487 -15.6913 -18.2042 -13.7366 -8.37829 -4.48456 -8.8911 -3.33087 -15.8864 -5.3568 -22.2719 -8.65226 -28.6711 -11.222 -34.3728 -10.7156 -39.5236 -11.6136 -44.486 -10.6733 -49.2176 -10.0514 -53.4658 -10.192 -57.3397 -10.5576 -60.8117 -10.904 -63.843 -10.439 -66.3904 -8.74906 -68.4075 -7.08865 -69.846 -6.968 -70.6554 -5.77464 -70.7831 -9.20448 -70.1746 -9.94274 -68.773 -7.50366 -66.5181 -0.449824 -63.3436 -59.1735 4.76287 -53.9156 5.79653 -47.4516 -39.622 -2.8811 -30.0724 -8.49745 -18.3743 -7.87539 -4.12955 0.132238 13.8169 -16.9947 -14.7592 -19.0747 -8.78831 -21.0087 -21.5773 -21.8614 -22.3741 -24.1254 -26.7866 -26.299 -23.213 -19.4224 -16.8812 -16.0278 -16.5162 -22.5581 -17.6867 -28.7948 -18.0316 -33.7027 -38.5897 -18.5625 -43.6948 -18.3328 -48.2708 -18.4016 -52.548 -18.0352 -56.3242 -16.4304 -59.6959 -17.489 -62.617 -16.8585 -65.0392 -14.5903 -66.9134 -15.8593 -68.1908 -42.7795 -68.8199 -44.869 -68.7478 -15.8687 -67.9213 -13.1227 -66.2886 -11.142 -63.7983 -7.18173 -60.3975 -56.0312 -5.91196 -50.6415 -8.42715 -44.1656 -36.0967 -12.652 -26.8084 -14.6466 -16.5375 -13.0793 -8.2689 -29.6285 -23.1159 -26.8275 -30.3707 -29.1068 -32.2978 -30.6468 -34.6262 -35.002 -31.8142 -29.1748 -27.2746 -26.2227 -26.1424 -26.0695 -25.9053 -36.7038 -24.4475 -41.4659 -25.67 -46.2803 -25.4085 -50.464 -24.1532 -54.2086 -57.5355 -24.3231 -60.4037 -22.8713 -62.7471 -64.5277 -65.6964 -22.6167 -66.1963 -65.9732 -19.7042 -64.9751 -63.1628 -17.5312 -60.495 -14.5047 -56.9365 -52.4571 -16.6036 -47.0443 -17.0465 -40.3355 -32.1631 -20.4435 -21.9373 -37.843 -36.9248 -23.0419 -20.287 -38.6272 -41.8954 -39.3439 -37.4956 -35.6041 -35.0323 -34.4007 -33.6663 -32.1929 -32.1446 -43.116 -31.4396 -47.2658 -31.1358 -51.058 -54.1145 -30.5926 -57.2588 -59.5608 -61.1749 -62.2635 -28.0914 -62.7387 -62.5113 -26.1419 -61.3795 -59.4203 -24.0112 -56.5995 -52.9509 -48.378 -24.3022 -42.8234 -36.3216 -45.4086 -28.5784 -29.4565 -28.2282 -44.1757 -46.7439 -47.1241 -43.2033 -43.4372 -42.614 -41.3878 -40.1798 -38.8538 -36.931 -37.3789 -36.8883 -50.3586 -53.3151 -55.177 -56.768 -57.9299 -33.832 -58.7192 -58.4234 -32.3417 -57.1736 -55.0839 -15.5494 -52.1227 -48.4839 -43.7162 -38.032 -35.0591 -34.7571 -50.3406 -50.9816 -47.5987 -47.8324 -45.1127 -42.9861 -53.3542 -38.7789 -54.1894 -53.8653 -52.4243 -50.1854 -46.8501 -43.9337 -41.4177 -40.6208 -50.1963 ];